image_width: 640
image_height: 512
camera_name: boson:_flir_video
camera_matrix:
  rows: 3
  cols: 3
  data: [500.0,   0.0, 320.0,
           0.0, 500.0, 256.0,
           0.0,   0.0,   1.0]
distortion_model: plumb_bob
distortion_coefficients:
  rows: 1
  cols: 5
  data: [0.0, 0.0, 0.0, 0.0, 0.0]
rectification_matrix:
  rows: 3
  cols: 3
  data: [1.0, 0.0, 0.0,
         0.0, 1.0, 0.0,
         0.0, 0.0, 1.0]
projection_matrix:
  rows: 3
  cols: 4
  data: [500.0,   0.0, 320.0, 0.0,
           0.0, 500.0, 256.0, 0.0,
           0.0,   0.0,   1.0, 0.0]
